%===============================================================================
% Description   : Electric Vehicle data
% Filename      : vehicle_data.m
% Creation Date : 12 Oct 2017
%===============: Copyright (c) 2017 Ricardo Software ==========================

%--- electric motor generating characteristics 
% speed [rpm] max_torque [N.m]
el_motor_brake_torque_max=[     0,0;
                                954,192;
                                1097.1,166.9565217;
                                1240.2,147.6923077;
                                1383.3,132.4137931;
                                1526.4,120;
                                1669.5,109.7142857;
                                1812.6,101.0526316;
                                1955.7,93.65853659;
                                2098.8,87.27272727;
                                2385,76.8;
                                2671.2,68.57142857;
                                2957.4,61.93548387;
                                3243.6,56.47058824;
                                3529.8,51.89189189;
                                3816,48;
                                4102.2,44.65116279;
                                4388.4,41.73913043;
                                4674.6,39.18367347;
                                4960.8,36.92307692;
                                5247,34.90909091;
                                5533.2,33.10344828;
                                5819.4,31.47540984;
                                6105.6,30;
                                ];
                                
Speed = [450.000, 900.000, 1350.000, 1800.000, 2250.000, 2700.000, 3150.000, 3600.000, 4050.000, 4500.000, 4950.000, 5400.000, 5850.000, 6300.000, 6750.000, 7200.000, 7650.000, 8100.000, 8550.000, 9000.000];
Torque = [15.000, 30.000, 45.000, 60.000, 75.000, 90.000, 105.000, 120.000, 135.000, 150.000, 165.000, 180.000, 195.000, 210.000, 225.000, 240.000, 255.000, 270.000, 285.000, 300.000];
Eff/FC = [
    0.676, 0.726, 0.744, 0.748, 0.748, 0.746, 0.741, 0.736, 0.729, 0.723, 0.712, 0.699, 0.689, 0.682, 0.672, 0.661, 0.644, 0.625, 0.602, 0.579;
    0.745, 0.796, 0.814, 0.822, 0.824, 0.825, 0.822, 0.819, 0.814, 0.810, 0.801, 0.792, 0.783, 0.776, 0.766, 0.753, 0.737, 0.716, 0.692, 0.376;
    0.793, 0.837, 0.853, 0.860, 0.863, 0.866, 0.865, 0.864, 0.861, 0.858, 0.852, 0.847, 0.842, 0.835, 0.824, 0.810, 0.715, 0.699, 0.679, 0.404;
    0.802, 0.850, 0.867, 0.870, 0.875, 0.883, 0.885, 0.884, 0.883, 0.878, 0.875, 0.870, 0.865, 0.857, 0.846, 0.833, 0.159, 0.155, 0.151, 0.433;
    0.806, 0.853, 0.871, 0.880, 0.885, 0.888, 0.895, 0.897, 0.897, 0.896, 0.893, 0.890, 0.886, 0.882, 0.872, 0.671, 0.426, 0.420, 0.041, 0.462;
    0.802, 0.855, 0.875, 0.887, 0.895, 0.898, 0.902, 0.905, 0.907, 0.909, 0.909, 0.908, 0.904, 0.901, 0.898, 0.894, 0.829, 0.699, 0.518, 0.491;
    0.800, 0.869, 0.893, 0.903, 0.910, 0.915, 0.917, 0.919, 0.921, 0.922, 0.924, 0.925, 0.924, 0.920, 0.916, 0.913, 0.910, 0.906, 0.901, 0.520;
    0.761, 0.854, 0.887, 0.899, 0.906, 0.912, 0.918, 0.919, 0.920, 0.920, 0.920, 0.918, 0.916, 0.912, 0.908, 0.903, 0.767, 0.383, 0.365, 0.364;
    0.720, 0.841, 0.874, 0.890, 0.900, 0.906, 0.911, 0.915, 0.916, 0.916, 0.915, 0.914, 0.911, 0.908, 0.901, 0.895, 0.887, 0.746, 0.517, 0.119;
    0.708, 0.834, 0.863, 0.884, 0.896, 0.902, 0.906, 0.908, 0.909, 0.909, 0.909, 0.909, 0.907, 0.904, 0.900, 0.895, 0.888, 0.878, 0.866, 0.409;
    0.709, 0.839, 0.864, 0.886, 0.892, 0.898, 0.902, 0.905, 0.909, 0.910, 0.907, 0.905, 0.904, 0.902, 0.901, 0.894, 0.884, 0.616, 0.293, 0.263;
    0.697, 0.825, 0.856, 0.878, 0.886, 0.892, 0.896, 0.898, 0.901, 0.904, 0.904, 0.901, 0.899, 0.896, 0.822, 0.651, 0.537, 0.531, 0.460, 0.207;
    0.674, 0.795, 0.840, 0.860, 0.874, 0.883, 0.891, 0.891, 0.892, 0.893, 0.894, 0.893, 0.892, 0.871, 0.829, 0.721, 0.368, 0.016, 0.246, 0.207;
    0.651, 0.766, 0.826, 0.845, 0.863, 0.874, 0.886, 0.891, 0.892, 0.893, 0.889, 0.885, 0.883, 0.880, 0.755, 0.466, 0.178, 0.104, 0.031, 0.207;
    0.621, 0.733, 0.809, 0.831, 0.853, 0.864, 0.873, 0.881, 0.884, 0.887, 0.887, 0.883, 0.880, 0.712, 0.542, 0.373, 0.205, 0.037, 0.031, 0.207;
    0.597, 0.704, 0.792, 0.816, 0.840, 0.856, 0.861, 0.867, 0.871, 0.875, 0.879, 0.822, 0.758, 0.672, 0.419, 0.166, 0.113, 0.037, 0.031, 0.207;
    0.599, 0.692, 0.781, 0.804, 0.826, 0.847, 0.852, 0.857, 0.861, 0.862, 0.863, 0.811, 0.548, 0.284, 0.080, 0.050, 0.021, 0.037, 0.031, 0.207;
    0.587, 0.676, 0.765, 0.795, 0.816, 0.837, 0.846, 0.851, 0.856, 0.754, 0.590, 0.426, 0.289, 0.178, 0.068, 0.050, 0.021, 0.037, 0.031, 0.207;
    0.571, 0.655, 0.739, 0.779, 0.800, 0.821, 0.805, 0.734, 0.663, 0.580, 0.398, 0.216, 0.034, 0.178, 0.068, 0.050, 0.021, 0.037, 0.031, 0.207;
    0.554, 0.630, 0.706, 0.754, 0.776, 0.799, 0.806, 0.569, 0.333, 0.097, 0.398, 0.216, 0.034, 0.178, 0.068, 0.050, 0.021, 0.037, 0.031, 0.207;
];
       